0 (1040, 0.57296555774251123, 0.46442307692307694, 0.46698564593301434, 0.82432432432432434, 0.32576769025367158)
1 (1040, 0.67021779325469477, 0.64615384615384619, 0.72413793103448276, 0.82564102564102571, 0.64485981308411211)
2 (1040, 0.6199698108359829, 0.5788461538461539, 0.65293185419968303, 0.80311890838206623, 0.55006675567423235)
3 (1040, 0.64671337269853502, 0.59999999999999998, 0.67449139280125192, 0.81474480151228734, 0.57543391188251003)
4 (1040, 0.6614271491427286, 0.60288461538461535, 0.66773934030571191, 0.84008097165991902, 0.55407209612817088)
5 (1040, 0.63469276331787172, 0.57788461538461533, 0.6451091350040421, 0.81762295081967218, 0.53271028037383172)
6 (1040, 0.6479429617496868, 0.5788461538461539, 0.64734299516908211, 0.81541582150101422, 0.53671562082777036)
7 (1040, 0.64105634545946721, 0.60192307692307689, 0.6785714285714286, 0.81076066790352508, 0.58344459279038718)
8 (1040, 0.64425419459623146, 0.62596153846153846, 0.70507960576194084, 0.81578947368421051, 0.62082777036048065)
9 (1040, 0.64535073110080332, 0.60576923076923073, 0.68068535825545173, 0.81682242990654219, 0.58344459279038718)
10 (1040, 0.66296872347551594, 0.61538461538461542, 0.69088098918083451, 0.82018348623853221, 0.59679572763684918)
11 (1040, 0.64596552562637921, 0.61442307692307696, 0.6927203065134101, 0.81294964028776984, 0.60347129506008013)
12 (1040, 0.66723787501319065, 0.62884615384615383, 0.70123839009287925, 0.83425414364640882, 0.60480640854472634)
13 (1040, 0.63945512688166106, 0.61250000000000004, 0.6921313980137509, 0.80892857142857144, 0.60480640854472634)
14 (1040, 0.66751086213462163, 0.63942307692307687, 0.71264367816091956, 0.83633093525179858, 0.62082777036048065)
15 (1040, 0.6501176826834405, 0.59423076923076923, 0.66823899371069184, 0.81261950286806894, 0.56742323097463288)
16 (1040, 0.66485898724071957, 0.63173076923076921, 0.70515781370284836, 0.83272727272727276, 0.61148197596795728)
17 (1040, 0.6444170692653205, 0.61538461538461542, 0.69135802469135799, 0.81901279707495434, 0.59813084112149528)
18 (1040, 0.65448088860749054, 0.62692307692307692, 0.7038167938931299, 0.82174688057041001, 0.61548731642189591)
19 (1040, 0.65638262241981282, 0.60384615384615381, 0.67456556082148489, 0.82591876208897486, 0.57009345794392519)
20 (1040, 0.66690065562789336, 0.63173076923076921, 0.70874524714828901, 0.82332155477031799, 0.62216288384512686)
21 (1040, 0.6708142357048803, 0.62884615384615383, 0.70444104134762642, 0.82585278276481144, 0.6141522029372497)
22 (1040, 0.65881427240903112, 0.62884615384615383, 0.70534351145038154, 0.82352941176470584, 0.61682242990654201)
23 (1040, 0.65436618813630087, 0.61923076923076925, 0.69863013698630139, 0.81238938053097343, 0.61281708945260349)
24 (1040, 0.65693547869094637, 0.60384615384615381, 0.67301587301587296, 0.82974559686888449, 0.56608811748998666)
25 (1040, 0.65762826953693121, 0.62403846153846154, 0.69571984435797662, 0.83395522388059706, 0.59679572763684918)
26 (1040, 0.6674810400121125, 0.63173076923076921, 0.70830159939070825, 0.82446808510638303, 0.62082777036048065)
27 (1040, 0.66625833298923198, 0.62596153846153846, 0.70237184391736807, 0.82258064516129037, 0.61281708945260349)
28 (1040, 0.67000445037828216, 0.63076923076923075, 0.70552147239263818, 0.8288288288288288, 0.6141522029372497)
29 (1040, 0.65662119939988717, 0.61442307692307696, 0.68793774319066137, 0.82462686567164178, 0.59012016021361813)
30 (1040, 0.66741910175767005, 0.62596153846153846, 0.70237184391736807, 0.82258064516129037, 0.61281708945260349)
31 (1040, 0.65038378777660022, 0.63365384615384612, 0.71331828442437917, 0.81724137931034491, 0.63284379172229643)
32 (1040, 0.66033061263815673, 0.61057692307692313, 0.6818538884524743, 0.82824427480916019, 0.57943925233644855)
33 (1040, 0.67824453222853842, 0.64807692307692311, 0.72356495468277937, 0.83304347826086955, 0.63951935914552738)
34 (1040, 0.65994980707380746, 0.62115384615384617, 0.70060790273556239, 0.81305114638447973, 0.61548731642189591)
35 (1040, 0.66682954133575578, 0.62019230769230771, 0.6977811782708494, 0.81720430107526887, 0.60881174899866486)
