0 (1040, 0.66063342188209706, 0.48461538461538461, 0.47859922178988323, 0.88172043010752688, 0.32843791722296395)
1 (1040, 0.64041861083965335, 0.59326923076923077, 0.67234701781564676, 0.80073800738007372, 0.57943925233644855)
2 (1040, 0.65625645190150439, 0.57788461538461533, 0.63986874487284662, 0.82978723404255317, 0.52069425901201605)
3 (1040, 0.58472923806770993, 0.51730769230769236, 0.57457627118644061, 0.78654292343387466, 0.45260347129506007)
4 (1040, 0.65111787079221328, 0.58461538461538465, 0.65273311897106101, 0.82020202020202015, 0.54205607476635509)
5 (1040, 0.63923948999582492, 0.58942307692307694, 0.66614542611415162, 0.80377358490566042, 0.56875834445927909)
6 (1040, 0.64831459127634095, 0.58461538461538465, 0.6555023923444977, 0.81386138613861381, 0.54873164218958614)
7 (1040, 0.67046554627246413, 0.625, 0.69860896445131371, 0.82935779816513755, 0.60347129506008013)
8 (1040, 0.6260443477901807, 0.58750000000000002, 0.66352941176470592, 0.80418250950570347, 0.56475300400534045)
9 (1040, 0.64083612055478323, 0.5971153846153846, 0.67137254901960786, 0.81368821292775662, 0.5714285714285714)
10 (1040, 0.6567473699181956, 0.58750000000000002, 0.65707434052757796, 0.81872509960159368, 0.54873164218958614)
11 (1040, 0.63513780114608709, 0.61634615384615388, 0.69331283627978491, 0.81702898550724634, 0.60213618157543392)
12 (1040, 0.67012144485889535, 0.63942307692307687, 0.71439451637471429, 0.83156028368794321, 0.62616822429906538)
13 (1040, 0.63423396143311361, 0.6134615384615385, 0.68981481481481488, 0.81718464351005493, 0.59679572763684918)
14 (1040, 0.66634091732848844, 0.57980769230769236, 0.64615384615384619, 0.82098765432098764, 0.53271028037383172)
15 (1040, 0.65208594276905285, 0.55961538461538463, 0.62642740619902115, 0.80503144654088055, 0.51268357810413889)
16 (1040, 0.65504980294459059, 0.59519230769230769, 0.6671936758893281, 0.81782945736434109, 0.56341789052069424)
17 (1040, 0.65988328080051761, 0.60384615384615381, 0.67962674961119751, 0.81378026070763498, 0.58344459279038718)
18 (1040, 0.64782137925022598, 0.59519230769230769, 0.67288267288267289, 0.80483271375464682, 0.57810413885180245)
19 (1040, 0.65145050215866285, 0.6086538461538461, 0.68764389869531828, 0.80866425992779778, 0.59813084112149528)
20 (1040, 0.61787538023206201, 0.58461538461538465, 0.6645962732919255, 0.79406307977736545, 0.5714285714285714)
21 (1040, 0.63691336444010105, 0.58750000000000002, 0.66086956521739126, 0.81007751937984485, 0.55807743658210951)
22 (1040, 0.64642662152056118, 0.59615384615384615, 0.66981132075471694, 0.81453154875717027, 0.56875834445927909)
23 (1040, 0.65133350767804954, 0.61923076923076925, 0.70135746606334837, 0.80589254766031193, 0.62082777036048065)
24 (1040, 0.6535954009699072, 0.59423076923076923, 0.66823899371069184, 0.81261950286806894, 0.56742323097463288)
25 (1040, 0.64650920585981764, 0.5971153846153846, 0.67494181536074471, 0.80555555555555547, 0.58077436582109476)
26 (1040, 0.63870039778123411, 0.58942307692307694, 0.66614542611415162, 0.80377358490566042, 0.56875834445927909)
27 (1040, 0.65741263265109495, 0.60673076923076918, 0.68514241724403402, 0.80909090909090908, 0.59412550066755676)
28 (1040, 0.63992081079469065, 0.5740384615384615, 0.64869151467089625, 0.798828125, 0.54606141522029372)
29 (1040, 0.65225569946641337, 0.58653846153846156, 0.66034755134281198, 0.80851063829787229, 0.55807743658210951)
30 (1040, 0.65052372235145139, 0.58557692307692311, 0.6587490102929533, 0.80933852140077833, 0.55540720961281709)
31 (1040, 0.6460412279373644, 0.61250000000000004, 0.69023827824750172, 0.81340579710144922, 0.59946595460614149)
32 (1040, 0.63599346666116108, 0.58653846153846156, 0.6640625, 0.80037664783427509, 0.56742323097463288)
33 (1040, 0.6538890341761523, 0.58557692307692311, 0.65381526104417664, 0.82056451612903225, 0.5433911882510013)
34 (1040, 0.63937483655182858, 0.58557692307692311, 0.66301798279906188, 0.80000000000000004, 0.56608811748998666)
35 (1040, 0.63730793406099306, 0.57980769230769236, 0.65509076558800317, 0.80115830115830111, 0.55407209612817088)
36 (1040, 0.6472960510921778, 0.5971153846153846, 0.67594740912606344, 0.80330882352941169, 0.58344459279038718)
37 (1040, 0.64881239132130353, 0.60576923076923073, 0.68509984639016908, 0.8065099457504521, 0.59546061415220297)
38 (1040, 0.64618116251221558, 0.6086538461538461, 0.68764389869531828, 0.80866425992779778, 0.59813084112149528)
39 (1040, 0.64067095187627032, 0.58365384615384619, 0.65932336742722275, 0.80268199233716475, 0.55941255006675572)
40 (1040, 0.6376428594368666, 0.5788461538461539, 0.65293185419968303, 0.80311890838206623, 0.55006675567423235)
41 (1040, 0.64849581802082046, 0.60096153846153844, 0.67297084318360911, 0.82115384615384601, 0.57009345794392519)
42 (1040, 0.62845076367573705, 0.58365384615384619, 0.66303501945525301, 0.79477611940298509, 0.56875834445927909)
43 (1040, 0.65958735358484843, 0.61057692307692313, 0.68384074941452, 0.82330827067669166, 0.5847797062750334)
44 (1040, 0.63420872732945177, 0.58750000000000002, 0.66405638214565399, 0.80303030303030287, 0.56608811748998666)
45 (1040, 0.64737863543143437, 0.5903846153846154, 0.66666666666666674, 0.80529300567107753, 0.56875834445927909)
46 (1040, 0.64839488160617365, 0.59999999999999998, 0.67500000000000004, 0.81355932203389836, 0.57676902536715624)
47 (1040, 0.64029932234961617, 0.57307692307692304, 0.64649681528662417, 0.80078895463510846, 0.54205607476635509)
48 (1040, 0.64791772764602518, 0.61442307692307696, 0.68986852281515854, 0.81985294117647056, 0.59546061415220297)
49 (1040, 0.65101922838699022, 0.61634615384615388, 0.69378357636224097, 0.81588447653429608, 0.60347129506008013)
50 (1040, 0.63067824682623808, 0.61057692307692313, 0.68965517241379315, 0.80935251798561147, 0.6008010680907877)
51 (1040, 0.63810166132162471, 0.6086538461538461, 0.69190007570022716, 0.79895104895104896, 0.61014686248331107)
52 (1040, 0.64337558898691949, 0.59230769230769231, 0.6682316118935836, 0.80718336483931952, 0.57009345794392519)
53 (1040, 0.63783326221904124, 0.6134615384615385, 0.69266055045871544, 0.8103756708407871, 0.60480640854472634)
54 (1040, 0.64205882757766375, 0.5971153846153846, 0.67137254901960786, 0.81368821292775662, 0.5714285714285714)
55 (1040, 0.64150597130653009, 0.59134615384615385, 0.66456195737963686, 0.81274131274131267, 0.56208277703604803)
56 (1040, 0.64960841259135893, 0.59903846153846152, 0.67242733699921453, 0.81679389312977091, 0.5714285714285714)
57 (1040, 0.6354199643052133, 0.59519230769230769, 0.67237354085603118, 0.80597014925373134, 0.57676902536715624)
58 (1040, 0.64531861496887022, 0.60192307692307689, 0.68055555555555547, 0.80621572212065817, 0.58878504672897192)
59 (1040, 0.65187030588321659, 0.59326923076923077, 0.66771406127258448, 0.81106870229007644, 0.56742323097463288)
60 (1040, 0.63167384691616324, 0.58750000000000002, 0.66247049567269867, 0.80651340996168597, 0.56208277703604803)
61 (1040, 0.65101464036814272, 0.61538461538461542, 0.69088098918083451, 0.82018348623853221, 0.59679572763684918)
62 (1040, 0.64335953092095288, 0.58942307692307694, 0.66718628215120812, 0.80149812734082393, 0.5714285714285714)
63 (1040, 0.64625227680435315, 0.60384615384615381, 0.68012422360248437, 0.81261595547309828, 0.5847797062750334)
