0 (1040, 0.6506086007001316, 0.52692307692307694, 0.56382978723404253, 0.83905013192612132, 0.42456608811748997)
1 (1040, 0.58229758807849186, 0.4826923076923077, 0.52135231316725983, 0.78133333333333332, 0.39118825100133514)
2 (1040, 0.59434572557224064, 0.53846153846153844, 0.60526315789473695, 0.78800856531049246, 0.49132176234979974)
3 (1040, 0.61596905840089189, 0.57499999999999996, 0.64583333333333337, 0.80761523046092187, 0.53805073431241657)
4 (1040, 0.63706018104322371, 0.57499999999999996, 0.64583333333333337, 0.80761523046092187, 0.53805073431241657)
5 (1040, 0.63906973329846439, 0.59519230769230769, 0.66824271079590236, 0.81538461538461526, 0.56608811748998666)
6 (1040, 0.65348987653641277, 0.6134615384615385, 0.68788819875776397, 0.82189239332096475, 0.59145527369826434)
7 (1040, 0.62495239930445634, 0.58750000000000002, 0.66458170445660669, 0.80188679245283023, 0.56742323097463288)
8 (1040, 0.62099293903899355, 0.59326923076923077, 0.67486548808608771, 0.79528985507246375, 0.58611481975967961)
9 (1040, 0.6160011745328251, 0.6134615384615385, 0.70000000000000007, 0.79357021996615906, 0.62616822429906538)
10 (1040, 0.66549213384168582, 0.61538461538461542, 0.68404423380726698, 0.8375241779497099, 0.57810413885180245)
11 (1040, 0.65083800164251071, 0.59807692307692306, 0.67697063369397226, 0.80366972477064225, 0.5847797062750334)
12 (1040, 0.65944512500057351, 0.60192307692307689, 0.67706708268330729, 0.81425891181988752, 0.57943925233644855)
13 (1040, 0.63812460141586258, 0.58269230769230773, 0.66040688575899842, 0.7977315689981096, 0.56341789052069424)
14 (1040, 0.63622057359411632, 0.62403846153846154, 0.70401211203633618, 0.81293706293706292, 0.62082777036048065)
15 (1040, 0.65240710408838365, 0.60769230769230764, 0.67772511848341233, 0.82978723404255317, 0.57276368491321761)
16 (1040, 0.63400914850958201, 0.58750000000000002, 0.65979381443298968, 0.8125, 0.55540720961281709)
17 (1040, 0.65170513720470358, 0.63076923076923075, 0.70461538461538453, 0.83121597096188748, 0.61148197596795728)
18 (1040, 0.64753004005340453, 0.59423076923076923, 0.66561014263074492, 0.8187134502923975, 0.56074766355140182)
19 (1040, 0.65202171050518687, 0.59230769230769231, 0.65861513687600648, 0.82961460446247459, 0.54606141522029372)
20 (1040, 0.6489477378773072, 0.58750000000000002, 0.6587112171837709, 0.81496062992125984, 0.55273698264352467)
21 (1040, 0.64157020357039629, 0.60096153846153844, 0.67450980392156856, 0.81749049429657794, 0.57409879839786382)
22 (1040, 0.6460733440692974, 0.59230769230769231, 0.66614173228346463, 0.81190019193857965, 0.56475300400534045)
23 (1040, 0.64062048366894697, 0.61538461538461542, 0.69325153374233139, 0.81441441441441453, 0.60347129506008013)
24 (1040, 0.66676301506246594, 0.61730769230769234, 0.68857589984350553, 0.83175803402646498, 0.58744993324432582)
25 (1040, 0.64280438064039569, 0.59903846153846152, 0.67396403440187647, 0.81320754716981136, 0.57543391188251003)
26 (1040, 0.65791960873375266, 0.61057692307692313, 0.67984189723320165, 0.83333333333333348, 0.57409879839786382)
27 (1040, 0.67072706334677623, 0.61057692307692313, 0.67984189723320165, 0.83333333333333348, 0.57409879839786382)
28 (1040, 0.64102881734638162, 0.59807692307692306, 0.67445482866043605, 0.80934579439252341, 0.57810413885180245)
29 (1040, 0.65445794851325245, 0.61250000000000004, 0.68832173240525918, 0.81801470588235292, 0.59412550066755676)
30 (1040, 0.64457764992498601, 0.58365384615384619, 0.65220883534136542, 0.81854838709677424, 0.54205607476635509)
31 (1040, 0.66459747016640736, 0.61442307692307696, 0.68696330991412968, 0.82706766917293228, 0.58744993324432582)
32 (1040, 0.64808748434338581, 0.61153846153846159, 0.68682170542635668, 0.81885397412199634, 0.59145527369826434)
33 (1040, 0.63697300868511975, 0.58076923076923082, 0.65175718849840258, 0.81113320079522855, 0.54472630173564751)
34 (1040, 0.65074165324671152, 0.60480769230769227, 0.6816421378776143, 0.81180811808118081, 0.58744993324432582)
35 (1040, 0.65427672176877294, 0.60673076923076918, 0.68514241724403402, 0.80909090909090908, 0.59412550066755676)
36 (1040, 0.66141797310503347, 0.62211538461538463, 0.69463869463869454, 0.83085501858736044, 0.59679572763684918)
37 (1040, 0.65389821021384753, 0.60961538461538467, 0.68527131782945727, 0.81700554528650637, 0.59012016021361813)
38 (1040, 0.65675425194646697, 0.61153846153846159, 0.68338557993730409, 0.82732447817836807, 0.58210947930574097)
39 (1040, 0.65687583444592801, 0.60673076923076918, 0.6797180892717305, 0.82196969696969713, 0.57943925233644855)
40 (1040, 0.63876004202625269, 0.59903846153846152, 0.67599067599067586, 0.80855018587360594, 0.58077436582109476)
41 (1040, 0.65640097449520329, 0.60192307692307689, 0.67656249999999996, 0.81544256120527292, 0.57810413885180245)
42 (1040, 0.65688501048362302, 0.60480769230769227, 0.67458432304038007, 0.8287937743190662, 0.56875834445927909)
43 (1040, 0.65211805890098595, 0.61923076923076925, 0.69206842923794709, 0.82867783985102417, 0.59412550066755676)
44 (1040, 0.63661973123385585, 0.57980769230769236, 0.65234685759745425, 0.80708661417322836, 0.54739652870493993)
45 (1040, 0.65839676269390113, 0.61538461538461542, 0.68749999999999989, 0.82862523540489652, 0.58744993324432582)
46 (1040, 0.63956294532457936, 0.60576923076923073, 0.68315301391035554, 0.81100917431192654, 0.59012016021361813)
47 (1040, 0.64279520460270057, 0.59230769230769231, 0.66508688783570302, 0.8143133462282397, 0.56208277703604803)
48 (1040, 0.6633082368702371, 0.60769230769230764, 0.67772511848341233, 0.82978723404255317, 0.57276368491321761)
49 (1040, 0.64941571579976043, 0.6086538461538461, 0.68128425998433828, 0.82386363636363635, 0.58077436582109476)
50 (1040, 0.65044343202161858, 0.61826923076923079, 0.69153069153069158, 0.82713754646840154, 0.59412550066755676)
51 (1040, 0.64532090897829408, 0.60096153846153844, 0.67704280155642016, 0.81156716417910446, 0.58077436582109476)
52 (1040, 0.64784431934446385, 0.61442307692307696, 0.69177555726364337, 0.81521739130434778, 0.6008010680907877)
53 (1040, 0.6519070100339972, 0.60480769230769227, 0.67965705378020258, 0.81647940074906367, 0.58210947930574097)
54 (1040, 0.66351928573722585, 0.6134615384615385, 0.68346456692913393, 0.83301343570057573, 0.57943925233644855)
55 (1040, 0.64844764382292086, 0.60576923076923073, 0.67918622848200316, 0.82041587901701318, 0.57943925233644855)
56 (1040, 0.64934230749819921, 0.6086538461538461, 0.68326848249027239, 0.81902985074626866, 0.58611481975967961)
57 (1040, 0.65943824297230214, 0.60096153846153844, 0.67399842890809114, 0.81870229007633588, 0.57276368491321761)
58 (1040, 0.64636468326611884, 0.60673076923076918, 0.6797180892717305, 0.82196969696969713, 0.57943925233644855)
59 (1040, 0.66014709188425358, 0.61634615384615388, 0.69045771916214138, 0.82407407407407418, 0.59412550066755676)
60 (1040, 0.66266132621272811, 0.625, 0.69626168224299079, 0.83551401869158892, 0.59679572763684918)
61 (1040, 0.64654820402002211, 0.61153846153846159, 0.68535825545171325, 0.82242990654205606, 0.58744993324432582)
62 (1040, 0.65467817341793633, 0.6086538461538461, 0.6802827965435978, 0.82633587786259544, 0.57810413885180245)
63 (1040, 0.65101693437756636, 0.59519230769230769, 0.6671936758893281, 0.81782945736434109, 0.56341789052069424)
