0 (1040, 0.57709477470533455, 0.46153846153846156, 0.46360153256704983, 0.82033898305084729, 0.32309746328437916)
1 (1040, 0.61168384879725091, 0.5278846153846154, 0.57854077253218894, 0.81009615384615397, 0.4499332443257677)
2 (1040, 0.60158561931372412, 0.58461538461538465, 0.67420814479638003, 0.77469670710571925, 0.59679572763684918)
3 (1040, 0.61595529434434915, 0.55384615384615388, 0.62398703403565636, 0.79381443298969068, 0.51401869158878499)
4 (1040, 0.65593987860102143, 0.54134615384615383, 0.61253791708796761, 0.84999999999999998, 0.57236315086782376)
5 (1040, 0.65727499208566753, 0.59423076923076923, 0.66979655712050068, 0.80907372400756139, 0.5714285714285714)
6 (1040, 0.66921301712707448, 0.60192307692307689, 0.67350157728706628, 0.82273603082851643, 0.57009345794392519)
7 (1040, 0.64133621460916967, 0.58076923076923082, 0.64951768488745976, 0.8161616161616162, 0.53938584779706278)
8 (1040, 0.64443771535013461, 0.62980769230769229, 0.71247199402539219, 0.80847457627118646, 0.63684913217623496)
9 (1040, 0.663702806491129, 0.57692307692307687, 0.6369636963696369, 0.83369330453563717, 0.5153538050734312)
10 (1040, 0.66532925917259667, 0.61634615384615388, 0.69141531322505789, 0.82169117647058831, 0.59679572763684918)
11 (1040, 0.66702912015562565, 0.63365384615384612, 0.71331828442437917, 0.81724137931034491, 0.63284379172229643)
12 (1040, 0.65301731059511181, 0.61826923076923079, 0.69809885931558946, 0.81095406360424027, 0.61281708945260349)
13 (1040, 0.65780720227198686, 0.6086538461538461, 0.68227946916471494, 0.8214285714285714, 0.58344459279038718)
14 (1040, 0.6549259264357058, 0.62115384615384617, 0.69738863287250386, 0.82097649186256783, 0.60614152202937255)
15 (1040, 0.63168990498212962, 0.60769230769230764, 0.68663594470046074, 0.8083182640144666, 0.59679572763684918)
16 (1040, 0.66351469771837823, 0.61153846153846159, 0.68778979907264293, 0.8165137614678899, 0.59412550066755676)
17 (1040, 0.65649044086273101, 0.59423076923076923, 0.67031249999999998, 0.80790960451977412, 0.57276368491321761)
18 (1040, 0.65134727173459228, 0.62596153846153846, 0.70641509433962268, 0.8125, 0.62483311081441928)
19 (1040, 0.65237957597529805, 0.61923076923076925, 0.69678407350689131, 0.81687612208258531, 0.60747663551401865)
20 (1040, 0.66240439715726351, 0.62211538461538463, 0.69792467332820918, 0.82246376811594213, 0.60614152202937255)
21 (1040, 0.66695341784464046, 0.61250000000000004, 0.69118773946360168, 0.8111510791366906, 0.60213618157543392)
22 (1040, 0.66111286985166928, 0.62403846153846154, 0.70084162203519484, 0.82078853046594979, 0.61148197596795728)
23 (1040, 0.65822700599654071, 0.62019230769230771, 0.69591993841416466, 0.82181818181818178, 0.60347129506008013)
24 (1040, 0.65629315605228511, 0.6134615384615385, 0.68837209302325586, 0.8207024029574862, 0.59279038718291055)
25 (1040, 0.66494157157997602, 0.64519230769230773, 0.72192916352675218, 0.82871972318339104, 0.63951935914552738)
26 (1040, 0.66841928986644283, 0.61923076923076925, 0.69158878504672894, 0.82990654205607484, 0.59279038718291055)
27 (1040, 0.6603971389114468, 0.63557692307692304, 0.71439336850037682, 0.82006920415224915, 0.63284379172229643)
28 (1040, 0.66590505553796819, 0.62788461538461537, 0.70704012112036341, 0.81643356643356635, 0.62349799732977307)
29 (1040, 0.6697452273133937, 0.62307692307692308, 0.69846153846153847, 0.82395644283121605, 0.60614152202937255)
30 (1040, 0.65607751916644874, 0.61250000000000004, 0.69071373752877963, 0.81227436823104693, 0.6008010680907877)
31 (1040, 0.66861657467688884, 0.6365384615384615, 0.71232876712328774, 0.82831858407079639, 0.62483311081441928)
32 (1040, 0.65110869475451805, 0.60673076923076918, 0.68269976726144299, 0.81481481481481488, 0.58744993324432582)
33 (1040, 0.6479704898627725, 0.59615384615384615, 0.67289719626168221, 0.80747663551401883, 0.57676902536715624)
34 (1040, 0.66088346890929028, 0.62211538461538463, 0.69792467332820918, 0.82246376811594213, 0.60614152202937255)
35 (1040, 0.66509756422079391, 0.65000000000000002, 0.73116691285081237, 0.81818181818181823, 0.66088117489986653)
36 (1040, 0.64850499405851558, 0.61250000000000004, 0.69071373752877963, 0.81227436823104693, 0.6008010680907877)
37 (1040, 0.64739928151624848, 0.61826923076923079, 0.69855732725892183, 0.8098591549295775, 0.6141522029372497)
38 (1040, 0.65185654182667374, 0.61826923076923079, 0.69531849577897165, 0.81768953068592054, 0.60480640854472634)
39 (1040, 0.65967911396180012, 0.62403846153846154, 0.70401211203633618, 0.81293706293706292, 0.62082777036048065)
40 (1040, 0.65205382663711986, 0.61057692307692313, 0.68628969790859795, 0.81734317343173435, 0.59145527369826434)
41 (1040, 0.64903032221656365, 0.60480769230769227, 0.67965705378020258, 0.81647940074906367, 0.58210947930574097)
42 (1040, 0.64569024449552437, 0.6134615384615385, 0.69452887537993913, 0.80599647266313934, 0.61014686248331107)
43 (1040, 0.66346193550163113, 0.62019230769230771, 0.69870327993897796, 0.81494661921708189, 0.61148197596795728)
44 (1040, 0.66112204588936452, 0.63461538461538458, 0.7108066971080671, 0.82654867256637166, 0.62349799732977307)
45 (1040, 0.65346464243275104, 0.61250000000000004, 0.68832173240525918, 0.81801470588235292, 0.59412550066755676)
46 (1040, 0.65503603888804773, 0.62980769230769229, 0.70899470899470884, 0.81707317073170738, 0.62616822429906538)
47 (1040, 0.64879862726476067, 0.60576923076923073, 0.68412942989214187, 0.80874316939890711, 0.59279038718291055)
48 (1040, 0.65485710615299209, 0.62211538461538463, 0.69885057471264367, 0.82014388489208645, 0.60881174899866486)
49 (1040, 0.638470996838855, 0.61442307692307696, 0.69412662090007626, 0.8096085409252668, 0.60747663551401865)
50 (1040, 0.65161796484659951, 0.64038461538461533, 0.71921921921921927, 0.82161234991423671, 0.63951935914552738)
51 (1040, 0.65399685261907059, 0.61538461538461542, 0.69418960244648331, 0.81216457960644006, 0.60614152202937255)
52 (1040, 0.64284337880060027, 0.61923076923076925, 0.69817073170731703, 0.81349911190053292, 0.61148197596795728)
53 (1040, 0.65715570359563025, 0.62980769230769229, 0.71074380165289264, 0.8127147766323024, 0.63150867823765022)
54 (1040, 0.65178083951568877, 0.62115384615384617, 0.70196671709531022, 0.8097731239092496, 0.61949265687583444)
55 (1040, 0.65415513926931212, 0.63365384615384612, 0.71245283018867944, 0.81944444444444453, 0.63017356475300401)
56 (1040, 0.64508921402649122, 0.62019230769230771, 0.70233609645817618, 0.80622837370242217, 0.62216288384512686)
57 (1040, 0.65398308856252785, 0.63269230769230766, 0.71148036253776425, 0.81913043478260872, 0.6288384512683578)
58 (1040, 0.64728458104505893, 0.63749999999999996, 0.7197026022304831, 0.81208053691275173, 0.64619492656875832)
59 (1040, 0.65256309672920132, 0.63173076923076921, 0.71439224459358686, 0.8091216216216216, 0.63951935914552738)
60 (1040, 0.64311407191260739, 0.60769230769230764, 0.68567026194144842, 0.81056466302367935, 0.59412550066755676)
61 (1040, 0.64382062681513486, 0.62403846153846154, 0.70535041446872637, 0.80968858131487886, 0.62483311081441928)
62 (1040, 0.6335182304928908, 0.62403846153846154, 0.70886075949367078, 0.80134680134680147, 0.63551401869158874)
63 (1040, 0.64672943076450151, 0.63173076923076921, 0.7105064247921391, 0.81881533101045301, 0.62750333778371159)
