0 (1040, 0.66443230148789456, 0.50769230769230766, 0.51423149905123344, 0.88852459016393448, 0.36181575433911883)
1 (1040, 0.68562436054487308, 0.52500000000000002, 0.5492700729927007, 0.86743515850144093, 0.40186915887850466)
2 (1040, 0.64035896659463476, 0.52692307692307694, 0.56993006993007, 0.82531645569620249, 0.43524699599465955)
3 (1040, 0.67943512311948573, 0.57692307692307687, 0.63576158940397354, 0.83660130718954251, 0.51268357810413889)
4 (1040, 0.65632986020306561, 0.56826923076923075, 0.62300587741393776, 0.83936651583710409, 0.49532710280373832)
5 (1040, 0.66374409866075734, 0.62307692307692308, 0.69517884914463457, 0.83240223463687146, 0.59679572763684918)
6 (1040, 0.66693277175982635, 0.60288461538461535, 0.66827309236947785, 0.83870967741935487, 0.55540720961281709)
7 (1040, 0.63394491624571592, 0.57211538461538458, 0.64822134387351782, 0.79457364341085268, 0.54739652870493993)
8 (1040, 0.6404690790469767, 0.57019230769230766, 0.63450531479967298, 0.81856540084388185, 0.51802403204272363)
9 (1040, 0.6727641437151024, 0.5788461538461539, 0.64157119476268398, 0.82875264270613103, 0.52336448598130836)
10 (1040, 0.68006368170160436, 0.56634615384615383, 0.61287553648068671, 0.85817307692307676, 0.47663551401869159)
11 (1040, 0.63780802811537951, 0.57980769230769236, 0.65012009607686139, 0.81199999999999994, 0.54205607476635509)
12 (1040, 0.6404002587642631, 0.55288461538461542, 0.60957178841309823, 0.82126696832579194, 0.48464619492656874)
13 (1040, 0.63132056946489945, 0.5788461538461539, 0.65834633385335417, 0.79174484052532834, 0.56341789052069424)
14 (1040, 0.66522144072967848, 0.60384615384615381, 0.67507886435331221, 0.82466281310211953, 0.5714285714285714)
15 (1040, 0.62280520648378823, 0.58076923076923082, 0.66358024691358031, 0.78610603290676417, 0.57409879839786382)
16 (1040, 0.63215558889515922, 0.56923076923076921, 0.63812600969305333, 0.8077709611451942, 0.52736982643524699)
17 (1040, 0.64499286563069202, 0.54230769230769227, 0.59932659932659926, 0.81093394077448744, 0.47530040053404538)
18 (1040, 0.65196206626016817, 0.57980769230769236, 0.6472962066182405, 0.81836734693877555, 0.53538050734312415)
19 (1040, 0.6525906248422868, 0.59326923076923077, 0.66719118804091271, 0.8122605363984674, 0.56608811748998666)
20 (1040, 0.64601140581485517, 0.59423076923076923, 0.66613924050632911, 0.81747572815533975, 0.56208277703604803)
21 (1040, 0.66077106244752448, 0.61153846153846159, 0.68388106416275429, 0.82608695652173914, 0.58344459279038718)
22 (1040, 0.64009286150147504, 0.56730769230769229, 0.63533225283630479, 0.80824742268041239, 0.52336448598130836)
23 (1040, 0.63660596717731321, 0.58942307692307694, 0.6635145784081955, 0.80961538461538474, 0.56208277703604803)
24 (1040, 0.64215288196403908, 0.57980769230769236, 0.65012009607686139, 0.81199999999999994, 0.54205607476635509)
25 (1040, 0.64619033854991081, 0.59326923076923077, 0.66348448687350836, 0.82086614173228345, 0.5567423230974633)
26 (1040, 0.64323565441206831, 0.56730769230769229, 0.62932454695222406, 0.82150537634408616, 0.51001335113484647)
27 (1040, 0.65923407613358487, 0.5971153846153846, 0.66072874493927114, 0.83950617283950613, 0.54472630173564751)
28 (1040, 0.66206029574369496, 0.60288461538461535, 0.67248215701823943, 0.828125, 0.56608811748998666)
29 (1040, 0.64335494290210538, 0.56634615384615383, 0.63063063063063052, 0.81567796610169507, 0.51401869158878499)
30 (1040, 0.66776320317123861, 0.59999999999999998, 0.66666666666666663, 0.83366733466933851, 0.55540720961281709)
31 (1040, 0.65744016076418044, 0.58076923076923082, 0.64379084967320266, 0.82947368421052625, 0.52603471295060078)
32 (1040, 0.64742910363875772, 0.59230769230769231, 0.66079999999999994, 0.82435129740518953, 0.55140186915887845)
33 (1040, 0.63939089461779508, 0.57692307692307687, 0.64912280701754388, 0.80594059405940588, 0.5433911882510013)
34 (1040, 0.63807413320853923, 0.57019230769230766, 0.63569682151589246, 0.81589958158995812, 0.52069425901201605)
35 (1040, 0.62836588532705684, 0.56634615384615383, 0.63948840927258188, 0.79681274900398391, 0.53404539385847793)
36 (1040, 0.65906890745507185, 0.60576923076923073, 0.67716535433070868, 0.82533589251439532, 0.57409879839786382)
37 (1040, 0.64289614101734727, 0.56057692307692308, 0.62386831275720156, 0.81330472103004292, 0.50600801068090784)
38 (1040, 0.63870727980950548, 0.57211538461538458, 0.63967611336032382, 0.81275720164609055, 0.52736982643524699)
39 (1040, 0.64797966590046752, 0.58557692307692311, 0.65101214574898791, 0.8271604938271605, 0.53671562082777036)
40 (1040, 0.64731440316756816, 0.58750000000000002, 0.65431103948428682, 0.82520325203252043, 0.54205607476635509)
41 (1040, 0.64338705903403848, 0.5971153846153846, 0.66877470355731228, 0.81976744186046524, 0.56475300400534045)
42 (1040, 0.6353396739753806, 0.5788461538461539, 0.65566037735849059, 0.79732313575525815, 0.5567423230974633)
43 (1040, 0.65629774407113262, 0.59999999999999998, 0.66878980891719753, 0.82840236686390534, 0.56074766355140182)
44 (1040, 0.64141421092957862, 0.5903846153846154, 0.66297468354430378, 0.81359223300970873, 0.55941255006675572)
45 (1040, 0.63610128510407926, 0.55480769230769234, 0.62018047579983593, 0.80425531914893622, 0.50467289719626163)
46 (1040, 0.64365775214604593, 0.56923076923076921, 0.63812600969305333, 0.8077709611451942, 0.52736982643524699)
47 (1040, 0.64672254873623025, 0.58269230769230773, 0.65000000000000002, 0.8207739307535642, 0.53805073431241657)
48 (1040, 0.64334576686441036, 0.58173076923076927, 0.6506024096385542, 0.81653225806451613, 0.54072096128170899)
49 (1040, 0.64959923655366381, 0.59423076923076923, 0.66507936507936516, 0.81996086105675148, 0.55941255006675572)
50 (1040, 0.64619951458760594, 0.57211538461538458, 0.64025869037995153, 0.81147540983606559, 0.5287049399198932)
51 (1040, 0.64430466280355481, 0.57019230769230766, 0.63746958637469586, 0.81198347107438029, 0.52469959946595457)
52 (1040, 0.66046366518473654, 0.59615384615384615, 0.66400000000000003, 0.82834331337325351, 0.55407209612817088)
53 (1040, 0.66306507187131536, 0.59230769230769231, 0.65806451612903227, 0.83095723014256617, 0.54472630173564751)
54 (1040, 0.63967076376749754, 0.55480769230769234, 0.6144879267277269, 0.81637168141592931, 0.49265687583444595)
55 (1040, 0.63693171651549141, 0.5740384615384615, 0.64187550525464843, 0.81352459016393441, 0.53004005340453941)
56 (1040, 0.66306048385246774, 0.60096153846153844, 0.66984884645982501, 0.82874015748031493, 0.56208277703604803)
57 (1040, 0.64250157139645536, 0.56730769230769229, 0.63114754098360648, 0.81740976645435248, 0.51401869158878499)
58 (1040, 0.6383907065090223, 0.58173076923076927, 0.65612648221343872, 0.80426356589147285, 0.55407209612817088)
59 (1040, 0.6608398827302383, 0.59807692307692306, 0.66559999999999997, 0.83033932135728539, 0.55540720961281709)
60 (1040, 0.64628209892686239, 0.58365384615384619, 0.65164923572003219, 0.81983805668016196, 0.54072096128170899)
61 (1040, 0.64847517193600634, 0.59999999999999998, 0.67449139280125192, 0.81474480151228734, 0.57543391188251003)
62 (1040, 0.65727040406681991, 0.5971153846153846, 0.66560255387071032, 0.82738095238095233, 0.5567423230974633)
63 (1040, 0.63456659279956318, 0.58269230769230773, 0.65664556962025311, 0.80582524271844658, 0.55407209612817088)
