2 (1040, 0.60642597919792263, 0.55384615384615388, 0.62580645161290316, 0.79022403258655805, 0.51802403204272363)
3 (1040, 0.64652067590693663, 0.55769230769230771, 0.61920529801324509, 0.81481481481481488, 0.49933244325767689)
4 (1040, 0.64805766222087635, 0.59519230769230769, 0.6671936758893281, 0.81782945736434109, 0.56341789052069424)
5 (1040, 0.67487004436614229, 0.6528846153846154, 0.73436350257542315, 0.81803278688524594, 0.66622162883845126)
6 (1040, 0.65285214191659902, 0.62307692307692308, 0.70347957639939485, 0.81151832460732987, 0.62082777036048065)
7 (1040, 0.62404167756321138, 0.55961538461538463, 0.62824675324675316, 0.80124223602484468, 0.51668891855807741)
8 (1040, 0.70228345698044126, 0.60769230769230764, 0.66775244299674263, 0.85594989561586643, 0.54739652870493993)
9 (1040, 0.68354598800691868, 0.60576923076923073, 0.66828478964401283, 0.84804928131416835, 0.55140186915887845)
10 (1040, 0.66216582017718928, 0.60961538461538467, 0.68624420401854724, 0.81467889908256885, 0.59279038718291055)
11 (1040, 0.66211076395101831, 0.60288461538461535, 0.67505900865460267, 0.82183908045977028, 0.57276368491321761)
12 (1040, 0.66246862942112972, 0.62019230769230771, 0.69731800766283525, 0.8183453237410071, 0.60747663551401865)
13 (1040, 0.66616657261228029, 0.62211538461538463, 0.69699306090979185, 0.82481751824817517, 0.60347129506008013)
14 (1040, 0.669414889956368, 0.62211538461538463, 0.69511249030256017, 0.82962962962962961, 0.59813084112149528)
15 (1040, 0.67954982359067528, 0.60673076923076918, 0.67719021310181537, 0.8281853281853282, 0.57276368491321761)
16 (1040, 0.6796828761372552, 0.64038461538461533, 0.71752265861027198, 0.82608695652173914, 0.63417890520694264)
17 (1040, 0.67248427456539983, 0.64519230769230773, 0.72565055762081776, 0.81879194630872476, 0.65153538050734316)
18 (1040, 0.66376933276441896, 0.61250000000000004, 0.68880308880308883, 0.81684981684981683, 0.59546061415220297)
19 (1040, 0.67135103391004725, 0.62019230769230771, 0.69450889404485683, 0.82536764705882348, 0.59946595460614149)
20 (1040, 0.66581788317986412, 0.61923076923076925, 0.69678407350689131, 0.81687612208258531, 0.60747663551401865)
21 (1040, 0.67154373070164575, 0.62788461538461537, 0.70344827586206904, 0.82553956834532372, 0.61281708945260349)
22 (1040, 0.67125009749540054, 0.6365384615384615, 0.71276595744680848, 0.8271604938271605, 0.62616822429906538)
23 (1040, 0.67437453833060346, 0.62403846153846154, 0.69806949806949814, 0.82783882783882778, 0.60347129506008013)
24 (1040, 0.67242004230153385, 0.63749999999999996, 0.71330798479087443, 0.82862190812720848, 0.62616822429906538)
25 (1040, 0.68097669745227307, 0.6365384615384615, 0.71493212669683281, 0.82149046793760827, 0.63284379172229643)
26 (1040, 0.65812377557247004, 0.60288461538461535, 0.67859922178988319, 0.81343283582089554, 0.58210947930574097)
27 (1040, 0.69202005881840167, 0.63749999999999996, 0.71243325705568261, 0.83096085409252685, 0.62349799732977307)
28 (1040, 0.67261962112140361, 0.59807692307692306, 0.66877971473851028, 0.82261208576998046, 0.56341789052069424)
29 (1040, 0.67166531320110667, 0.61538461538461542, 0.68454258675078861, 0.83622350674373791, 0.57943925233644855)
30 (1040, 0.67614092558692229, 0.61730769230769234, 0.68954758190327614, 0.82926829268292679, 0.59012016021361813)
31 (1040, 0.66996545221807768, 0.6134615384615385, 0.68885448916408676, 0.81952117863720075, 0.59412550066755676)
32 (1040, 0.66401020375391706, 0.60288461538461535, 0.67196187450357425, 0.8294117647058824, 0.56475300400534045)
33 (1040, 0.66224381649759823, 0.59903846153846152, 0.67087608524072617, 0.8204633204633206, 0.56742323097463288)
34 (1040, 0.67355328295688632, 0.62692307692307692, 0.70199692780337941, 0.82640144665461124, 0.61014686248331107)
35 (1040, 0.69084552599342075, 0.62596153846153846, 0.69490196078431377, 0.8422053231939165, 0.59145527369826434)
36 (1040, 0.68041925316229201, 0.63557692307692304, 0.71266110689916606, 0.82456140350877183, 0.62750333778371159)
37 (1040, 0.67894649911221838, 0.63365384615384612, 0.70804597701149419, 0.8309352517985612, 0.61682242990654201)
38 (1040, 0.67922407425249709, 0.62019230769230771, 0.69116497263487098, 0.83396226415094343, 0.59012016021361813)
39 (1040, 0.6788226226033337, 0.625, 0.69720496894409933, 0.83302411873840443, 0.59946595460614149)
40 (1040, 0.67730169435536036, 0.62884615384615383, 0.70444104134762642, 0.82585278276481144, 0.6141522029372497)
41 (1040, 0.68528025913130453, 0.62692307692307692, 0.69781931464174463, 0.83738317757009351, 0.59813084112149528)
42 (1040, 0.67901302538550823, 0.62115384615384617, 0.69025157232704415, 0.83938814531548744, 0.58611481975967961)
43 (1040, 0.67728334227997011, 0.625, 0.69483568075117375, 0.83931947069943291, 0.59279038718291055)
44 (1040, 0.66603122605627685, 0.61442307692307696, 0.68549019607843142, 0.83079847908745252, 0.58344459279038718)
45 (1040, 0.67135562192889486, 0.62403846153846154, 0.69899923017705934, 0.82545454545454544, 0.60614152202937255)
46 (1040, 0.68389008942048735, 0.62403846153846154, 0.69666408068269958, 0.83148148148148149, 0.59946595460614149)
47 (1040, 0.67748750911868749, 0.61538461538461542, 0.68553459119496851, 0.8336520076481837, 0.58210947930574097)
48 (1040, 0.66958464665372841, 0.61442307692307696, 0.6864738076622362, 0.82830188679245287, 0.58611481975967961)
49 (1040, 0.68392679357126795, 0.63365384615384612, 0.70669745958429564, 0.83454545454545459, 0.61281708945260349)
50 (1040, 0.68063489004812827, 0.62692307692307692, 0.69969040247678016, 0.8324125230202577, 0.60347129506008013)
51 (1040, 0.68490862960465049, 0.64423076923076927, 0.71927162367223063, 0.83304042179261861, 0.63284379172229643)
52 (1040, 0.68026326052147423, 0.63749999999999996, 0.71066768994627771, 0.83574007220216606, 0.61815754339118822)
53 (1040, 0.67192453626599502, 0.61442307692307696, 0.68793774319066137, 0.82462686567164178, 0.59012016021361813)
54 (1040, 0.67137167999486136, 0.62596153846153846, 0.70145817344589401, 0.82490974729241884, 0.61014686248331107)
55 (1040, 0.68122215646061868, 0.63461538461538458, 0.7108066971080671, 0.82654867256637166, 0.62349799732977307)
56 (1040, 0.68229804688037665, 0.62884615384615383, 0.70170015455950552, 0.83302752293577986, 0.60614152202937255)
57 (1040, 0.66538890341761525, 0.62211538461538463, 0.69885057471264367, 0.82014388489208645, 0.60881174899866486)
58 (1040, 0.66782743543510481, 0.62692307692307692, 0.7006172839506174, 0.82998171846435098, 0.60614152202937255)
59 (1040, 0.67899008529127036, 0.62884615384615383, 0.70353302611367119, 0.82820976491862563, 0.61148197596795728)
60 (1040, 0.68277520084052501, 0.63365384615384612, 0.70579150579150585, 0.83699633699633702, 0.61014686248331107)
61 (1040, 0.68047430938846298, 0.63557692307692304, 0.70913277052954704, 0.8339350180505416, 0.61682242990654201)
62 (1040, 0.67903596547974621, 0.64230769230769236, 0.71860816944024219, 0.8289703315881326, 0.63417890520694264)
63 (1040, 0.675980344927257, 0.625, 0.69907407407407418, 0.82815356489945158, 0.60480640854472634)
64 (1040, 0.67571653384352104, 0.62403846153846154, 0.69946195234435049, 0.82427536231884058, 0.60747663551401865)
65 (1040, 0.67545272275978507, 0.625, 0.69907407407407418, 0.82815356489945158, 0.60480640854472634)
66 (1040, 0.66423501667744855, 0.63365384615384612, 0.71114480667172086, 0.82280701754385965, 0.62616822429906538)
67 (1040, 0.67626021407695935, 0.63557692307692304, 0.71309613928841786, 0.82342657342657344, 0.6288384512683578)
68 (1040, 0.67695529893236805, 0.6365384615384615, 0.71493212669683281, 0.82149046793760827, 0.63284379172229643)
69 (1040, 0.67324817970352224, 0.62403846153846154, 0.69760247486465576, 0.82904411764705888, 0.60213618157543392)
70 (1040, 0.67208741093508406, 0.61826923076923079, 0.6905689789555729, 0.82958801498127355, 0.59145527369826434)
71 (1040, 0.67256456489523253, 0.62211538461538463, 0.69558481797056548, 0.82841328413284132, 0.59946595460614149)
72 (1040, 0.67261273909313213, 0.63942307692307687, 0.71439451637471429, 0.83156028368794321, 0.62616822429906538)
73 (1040, 0.67751733124119662, 0.63269230769230766, 0.70660522273425497, 0.83182640144665465, 0.6141522029372497)
74 (1040, 0.67549172091998955, 0.63461538461538458, 0.70903522205206737, 0.83123877917414712, 0.61815754339118822)
75 (1040, 0.68906308067113542, 0.64615384615384619, 0.72036474164133746, 0.83597883597883593, 0.63284379172229643)
76 (1040, 0.67450070884891211, 0.625, 0.69814241486068107, 0.8305709023941068, 0.60213618157543392)
77 (1040, 0.66759344647387808, 0.63942307692307687, 0.71569370735405602, 0.82807017543859651, 0.63017356475300401)
78 (1040, 0.66214746810179892, 0.61923076923076925, 0.69724770642201839, 0.81574239713774588, 0.60881174899866486)
79 (1040, 0.67652631917011918, 0.62692307692307692, 0.70516717325227962, 0.81834215167548496, 0.61949265687583444)
80 (1040, 0.67328717786372672, 0.63076923076923075, 0.70552147239263818, 0.8288288288288288, 0.6141522029372497)
81 (1040, 0.67415660743534334, 0.62980769230769229, 0.70361816782140119, 0.83090909090909093, 0.61014686248331107)
82 (1040, 0.67982969274037774, 0.62884615384615383, 0.70398773006134974, 0.82702702702702702, 0.61281708945260349)
83 (1040, 0.68040778311517291, 0.64230769230769236, 0.71472392638036819, 0.83963963963963961, 0.62216288384512686)
84 (1040, 0.66571924077464106, 0.61826923076923079, 0.68960125097732616, 0.83207547169811324, 0.58878504672897192)
85 (1040, 0.66490945544804303, 0.61923076923076925, 0.69538461538461527, 0.82032667876588017, 0.60347129506008013)
86 (1040, 0.66734110543726111, 0.62211538461538463, 0.69699306090979185, 0.82481751824817517, 0.60347129506008013)
87 (1040, 0.67058024674365369, 0.62692307692307692, 0.7006172839506174, 0.82998171846435098, 0.60614152202937255)
88 (1040, 0.67915066595093565, 0.63076923076923075, 0.7032457496136012, 0.83486238532110091, 0.60747663551401865)
89 (1040, 0.66980716556783615, 0.64615384615384619, 0.72247360482654599, 0.83015597920277295, 0.63951935914552738)
90 (1040, 0.68092622924494972, 0.65480769230769231, 0.73108614232209745, 0.83276450511945388, 0.65153538050734316)
91 (1040, 0.67336976220298306, 0.63749999999999996, 0.71111111111111114, 0.83453237410071945, 0.61949265687583444)
92 (1040, 0.67097022834569808, 0.62884615384615383, 0.70534351145038154, 0.82352941176470584, 0.61682242990654201)
93 (1040, 0.66172307635839767, 0.63365384615384612, 0.70982482863670981, 0.82624113475177308, 0.62216288384512686)
94 (1040, 0.67257832895177527, 0.63365384615384612, 0.70804597701149419, 0.8309352517985612, 0.61682242990654201)
95 (1040, 0.66387026917906578, 0.62307692307692308, 0.69517884914463457, 0.83240223463687146, 0.59679572763684918)
96 (1040, 0.69117356934102281, 0.64615384615384619, 0.7199391171993913, 0.83716814159292041, 0.63150867823765022)
97 (1040, 0.66905014245798522, 0.6365384615384615, 0.71056661562021428, 0.83303411131059246, 0.61949265687583444)
98 (1040, 0.6695961167008474, 0.62596153846153846, 0.70282658517952645, 0.8214285714285714, 0.6141522029372497)
